0	50	33	17	40	43	37	37
50	0	42	33	13	24	41	29
33	42	0	27	28	52	4	13
17	33	27	0	23	30	29	24
40	13	28	23	0	29	28	16
43	24	52	30	29	0	53	43
37	41	4	29	28	53	0	12
37	29	13	24	16	43	12	0
