0	49659	33377	17000	40000	43105	36674	36715
49659	0	41761	32696	13342	24083	40853	29155
33377	41761	0	26926	28460	52345	3606	13038
17000	32696	26926	0	23345	30083	29120	24187
40000	13342	28460	23345	0	29155	27731	16125
43105	24083	52345	30083	29155	0	53075	43012
36674	40853	3606	29120	27731	53075	0	11705
36715	29155	13038	24187	16125	43012	11705	0
